-6
-988
-914
482
-554
-376
164
-164
4
74
-982
-240
262
-730
618
738
482
474
-478
-174
-138
-550
100
66
-252
-488
588
692
-278
-496
-848
-136
844
-928
-642
984
-270
-786
-272
946
-334
412
332
-228
-394
906
636
716
312
916
-604
-688
-884
-68
-42
88
950
370
102
-42
826
742
484
494
-868
-628
-958
-846
236
-818
-26
356
692
268
-732
-700
470
722
-538
514
12
-730
740
-318
-762
-912
910
316
646
-976
-756
980
-600
-722
422
-364
292
150
34
224
-670
-344
-264
-882
-216
364
62
80
814
398
-6
964
-516
824
208
-518
-918
884
878
-428
-930
-992
656
-460
598
-608
430
280
-28
816
532
496
978
818
768
682
-454
-10
390
584
554
374
522
222
-478
-196
-260
566
4
586
-742
-824
-446
56
-316
672
656
-46
-530
-574
144
934
-910
-732
-10
868
-636
378
-342
-206
-906
748
-188
988
-536
-374
-406
306
-732
286
322
82
-440
-28
788
-96
-448
-504
88
-436
622
134
940
550
752
440
-994
748
-510
-560
-952
922
528
612
908
2
-866
726
-22
-684
-224
-566
160
-522
-964
318
202
214
242
-614
-780
-924
-126
-656
-600
12
482
-124
-394
548
-194
-72
998
-254
664
640
638
572
358
206
-340
