717
-6
-988
-511
-179
-743
739
-914
-813
482
965
217
705
-554
-361
941
-376
271
164
-164
-457
4
943
683
-733
-345
74
291
-982
-240
893
511
262
-730
585
618
523
-195
738
821
482
474
411
481
-227
803
-478
-174
-357
785
-903
-138
-483
691
821
-550
100
545
-69
66
-252
-488
-949
-649
-629
-683
588
692
-278
-971
-496
-848
-136
-107
844
-928
-642
-995
984
-109
-791
347
285
-270
-319
-891
-786
-381
669
-297
-272
946
-583
367
-334
231
412
923
-329
-143
-471
-777
332
-627
-228
831
923
901
-394
906
636
-289
-587
713
-555
716
-361
312
641
3
916
-879
603
887
-625
-409
-604
-688
-884
315
-27
-315
-68
-97
-42
88
950
-453
971
370
583
143
955
527
-495
753
102
-161
-15
299
-177
-977
-42
826
742
484
494
393
-377
-868
-797
153
-628
227
-215
-443
-958
-867
-846
236
473
-818
-26
356
692
268
-732
-700
95
177
470
722
-527
-725
-538
-959
43
-865
-699
514
12
973
-791
-297
-730
740
-318
-762
-7
87
-631
-355
-912
910
316
646
913
-976
-756
980
-673
-600
-635
-722
-537
-325
422
-347
-364
292
93
-835
3
150
34
224
-670
823
-344
-264
-882
-216
469
364
62
80
283
807
814
398
-6
964
-516
-381
-147
824
-337
208
215
-518
-918
884
-541
878
-428
-499
-885
89
-961
-930
-675
-992
656
-460
345
817
-897
703
598
-608
430
280
-28
269
816
369
-973
793
532
496
978
927
607
209
-685
-93
818
768
-901
-747
682
-454
989
-10
390
584
-729
554
-487
374
522
222
-478
973
-196
159
-851
-260
47
-519
566
397
4
825
586
885
-742
639
-421
-824
57
-446
56
-265
-316
672
656
-46
997
-530
863
-355
-574
-947
144
934
-910
407
-732
-10
-471
868
-636
378
-342
-206
529
-906
748
933
-188
988
-991
-563
-536
265
-63
-374
-341
109
-111
-406
306
123
-707
-239
-732
286
322
82
-440
-28
105
788
-96
-819
-779
-448
-504
88
899
-436
-315
-43
693
503
-979
-461
225
622
681
153
134
-199
-777
940
769
-261
143
-567
-197
550
189
-537
752
440
-994
-563
748
373
329
199
-510
203
-560
595
549
-952
922
528
863
357
612
908
479
-373
721
-525
-641
701
983
159
2
-866
-797
-427
726
265
-547
205
-22
465
-913
87
-141
-684
-224
-639
-249
-566
160
-522
385
-964
318
202
214
242
539
-614
-780
-924
-237
-126
-73
-656
553
373
51
-600
925
527
12
403
482
-901
-927
623
-124
-899
-394
548
-194
-72
-333
998
-254
664
665
-147
-145
640
638
-871
572
358
206
-340
-457
53
