717
-511
-179
-743
739
-813
965
217
705
-361
941
271
-457
943
683
-733
-345
291
893
511
585
523
-195
821
411
481
-227
803
-357
785
-903
-483
691
821
545
-69
-949
-649
-629
-683
-971
-107
-995
-109
-791
347
285
-319
-891
-381
669
-297
-583
367
231
923
-329
-143
-471
-777
-627
831
923
901
-289
-587
713
-555
-361
641
3
-879
603
887
-625
-409
315
-27
-315
-97
-453
971
583
143
955
527
-495
753
-161
-15
299
-177
-977
393
-377
-797
153
227
-215
-443
-867
473
95
177
-527
-725
-959
43
-865
-699
973
-791
-297
-7
87
-631
-355
913
-673
-635
-537
-325
-347
93
-835
3
823
469
283
807
-381
-147
-337
215
-541
-499
-885
89
-961
-675
345
817
-897
703
269
369
-973
793
927
607
209
-685
-93
-901
-747
989
-729
-487
973
159
-851
47
-519
397
825
885
639
-421
57
-265
997
863
-355
-947
407
-471
529
933
-991
-563
265
-63
-341
109
-111
123
-707
-239
105
-819
-779
899
-315
-43
693
503
-979
-461
225
681
153
-199
-777
769
-261
143
-567
-197
189
-537
-563
373
329
199
203
595
549
863
357
479
-373
721
-525
-641
701
983
159
-797
-427
265
-547
205
465
-913
87
-141
-639
-249
385
539
-237
-73
553
373
51
925
527
403
-901
-927
623
-899
-333
665
-147
-145
-871
-457
53
